Speaker: 4519A

Time: 2.722875
2.557375	2.722875	your	PRP$	<f/>

